$energy      SCF               SCFKIN            SCFPOT
     1   -76.36286670192    75.83320511795  -152.19607181987
     2   -76.36286670186    75.83321772573  -152.19608442759
     3   -76.36341312600    75.79338867617  -152.15680180217
     4   -76.36348035060    75.78449073667  -152.14797108727
     5   -76.36349328082    75.78419555471  -152.14768883553
     6   -76.36349455360    75.78562772712  -152.14912228071
     7   -76.36349460900    75.78594562606  -152.14944023506
     8   -76.36349461030    75.78614239659  -152.14963700689
$end
