$vibrational normal modes
 1  1   0.5467036461   0.0000000000   0.0000000000  -0.0510689199   0.0169485969
 1  2   0.0470715732   0.0000000000  -0.0000000000  -0.0691540753
 2  1   0.0610643785   0.0000000000   0.0000000000   0.0998686951   0.3018448567
 2  2  -0.0985885171  -0.0700716617   0.0506800303  -0.0000000000
 3  1   0.0000000000   1.0000000000   0.0000000000   0.0000000000   0.0000000000
 3  2   0.0000000000   0.0000000000   0.0000000000   0.0000000000
 4  1   0.4973976807   0.0000000000   0.0000000000   0.4053057519  -0.2267737243
 4  2   0.1266761173  -0.4339072845  -0.5804613350   0.5488376207
 5  1   0.1221287570   0.0000000000   0.0000000000  -0.4653415276   0.6036897135
 5  2  -0.1971770341   0.5561199957  -0.4022193503   0.4431547396
 6  1   0.4331996377   0.0000000000   0.0000000000  -0.0000000000  -0.6643105549
 6  2  -0.9576492631   0.0000000000   0.0000000000  -0.0000000000
 7  1   0.4973976807   0.0000000000   0.0000000000   0.4053057519  -0.2267737243
 7  2   0.1266761173   0.4339072845   0.5804613351   0.5488376205
 8  1   0.0000000000   0.0000000000   0.0000000000   0.6650789177   0.0000000000
 8  2   0.0000000000   0.5561199957  -0.4022193504  -0.4431547395
 9  1   0.0000000000   0.0000000000   1.0000000000   0.0000000000   0.0000000000
 9  2   0.0000000000   0.0000000000   0.0000000000   0.0000000000
$end
